223.5
225
226
226
227.5
227.5
229
225.5
226.5
225
227.5
229.5
235
231.5
232
232.5
231.5
231
236.5
243
238.5
237.5
239.5
238
237.5
237.5
237.5
245
244
241
242.5
244
243
244
242.5
242
240
241
240.5
238
237.5
234
234.5
233.5
234.5
236.5
235.5
236.5
236.5
235.5
236.5
233.5
232.5
232
231.5
233.5
233
233
233.5
231.5
228.5
231
229.5
227.5
235
235
239
238
238
238.5
237
236
235.5
237.5
237
235.5
235.5
235.5
235
235.5
233.5
233
235
235
235.5
232.5
233
232.5
232.5
233
232.5
232.5
233
237
236.5
236.5
234
235
235
235.5
235.5
235
236
235
234
236
239.5
239