227
223.5
224
225
230.5
232
230.5
231
238
238.5
238.5
240
244
248.5
244.5
245.5
251
250
245.5
252.5
253
252.5
252.5
250.5
254
255.5
257
259.5
257.5
254.5
261.5
261
260
259
261
260.5
256.5
258.5
259
255
258.5
258
262.5
259
255.5
256
252.5
253.5
252.5
252.5
254
252.5
252.5
252
249
250.5
255
255
255.5
256.5
257
256.5
258
257.5
255.5
254
252
250
255.5
256.5
254
258.5
262
262
260
263.5
257.5
245.5
250
251
250.5
251.5
251.5
245.5
243
243.5
244
245
245
247
247
247
243
241
241
240
239
237.5
238
241
241
238.5
238.5
240.5
241.5
238.5
240
242