232.5
231
224
219
213
216.5
217.5
217.5
218
222
226.5
226.5
225.5
223.5
220
221.5
217.5
217.5
224
219.5
223
224.5
226.5
227.5
228
226
227.5
223
224
226.5
225
226
224
222
225.5
226
225
224
225
231
232.5
234.5
234
234
235.5
233
232.5
231
233
232.5
234
233.5
229.5
230.5
232
232
231.5
231
230
231
232
231.5
232.5
231
237
235
234
235
233
232
232
227.5
226
227
226
227
229
228
227
223
221.5
219.5
219.5
218
218.5
218
215
214
215
214.5
212
212.5
212
212.5
212
212
209
210
212
213.5
213.5
213
213.5
212
212
212
212
212.5