278.5
281.5
271.5
268
269
271
272
274.5
270.5
266.5
264
266.5
266
263.5
262.5
266.5
268
264.5
264
268.5
267
266.5
260.5
262
260
261.5
262
261
262.5
262
266.5
265.5
263
257
258
258
260.5
260
261.5
263.5
268
270
270
269
266
265.5
267.5
273.5
273
272.5
275
272
271
269
269
267.5
266
270.5
269.5
273.5
272
270.5
271
269
270.5
269
270
269
270.5
273.5
274
272.5
272.5
273
273
271.5
272
267
267.5
264.5
265
263
265
265.5
265.5
264
261.5
262
263
263
262.5
263
263
263.5
266
270.5
272
271
272.5
272
271.5
268.5
269
267
266
273.5
266.5
267