292
292
290
295
301
304
306
306
304.5
302
304
298
293
293
290
286
284
281.5
281
280
281.5
278.5
280.5
280
271.5
272
269
263.5
261.5
257.5
257
259
260
259
258.5
263
263.5
265
263
261.5
260
257
253.5
252
253
249
245.5
245.5
242
239
238.5
242.5
243.5
244.5
243.5
240.5
242
242
242
244.5
245
245
242.5
237
239.5
239
239
243
244
244
242.5
241
237.5
237.5
234.5
236
232
230.5
232
232
230.5
229
229.5
229.5
228
226
230
232
232
233.5
232.5
233
233
231
231
232
231
231.5
236
235.5
232.5
234
232.5
226
223.5
221
219
222
218