252
256
260
263
264
259
263
259
266
268
268.5
268.5
269.5
270.5
271
274.5
276
274.5
271.5
274.5
278
279
282.5
282.5
275
278
280.5
283.5
283.5
288
286.5
284
281
279.5
279
282
280.5
280
281
280
278
274.5
273.5
275.5
274.5
276.5
275.5
274
270.5
269.5
268
273.5
272.5
273
271.5
273.5
273
272
268.5
266.5
267
268.5
268
265.5
267
267.5
266
264.5
265
264.5
267.5
266
267.5
267.5
267.5
267
268
265.5
264
265.5
266
268.5
267.5
268
273.5
272
271
271
273
274.5
274.5
276
274
274
275.5
276
277.5
277.5
278.5
280.5
279.5
281
282
282
282.5
282
282
286