322.5
315
309.5
309.5
308.5
306.5
313.5
317.5
310
313
324
320.5
323
325
327.5
328.5
326
319.5
317.5
309
309.5
307
306
312.5
318
316.5
314.5
323.5
321.5
319.5
312
314
313
318
315
314
321
326
327
318.5
315.5
313
312.5
313
315
309.5
311.5
309
305.5
308.5
305.5
307.5
308.5
311
305
300.5
299.5
300.5
300.5
298.5
297
299
296.5
298.5
301
298.5
299
298
297.5
294
295
296
300
301
298
294.5
295.5
292.5
291.5
289
288.5
291.5
286
285
281.5
281.5
283
283.5
280.5
282
285
286.5
285
285
283.5
285
281.5
282
280.5
280.5
281
282
277.5
277.5
280
280
271
274