320.5
315
309.5
309.5
309
307
306
308.5
308.5
306.5
304.5
308
313
315.5
313.5
314.5
313.5
317.5
321
315
314.5
319
313.5
317
312.5
306
307
308
305.5
304.5
304.5
305
305.5
307
306.5
307
305
302
303
295
291.5
292
294.5
298.5
298
299
298.5
296.5
294.5
300
302
304
303.5
299.5
296.5
290.5
294.5
296
295.5
295
298
297
293.5
286.5
291.5
293.5
294.5
290
291
283.5
276
273
270
269
269.5
267
269
273.5
271.5
268
268
267.5
268
268.5
267.5
265.5
264
260.5
262.5
264
265.5
264.5
262.5
262
264.5
267.5
266
266.5
267.5
267
264.5
263
262
261.5
264
263
266.5
266.5