350
353.5
343
342
344
344.5
334
332
333.5
340.5
347.5
348.5
358
358.5
363
361
351
354.5
351
366.5
376.5
377.5
374.5
372
370.5
366.5
364.5
356
353.5
354
356.5
354
361
352
347
343
338
339.5
338.5
336.5
342.5
337
333
338
339
342
342.5
344.5
338.5
335.5
341
341
339.5
342.5
346
345.5
349.5
345.5
344.5
343.5
343
341
350
347.5
348.5
353.5
350.5
350
343
339
339.5
339
334
335
331.5
327
330
329.5
332.5
323
323.5
323
318
315
315.5
314.5
318
319.5
324.5
324
323.5
321
317
317
314.5
317
319
319.5
316
310.5
315.5
312.5
314
315.5
317
316.5
319
320