58130
58085
58130
58170
58170
58215
58190
58165
58125
58110
58135
58105
58185
58220
58185
58250
58305
58280
58265
58330
58340
58365
58405
58490
58510
58515
58415
58460
58395
58400
58425
58345
58330
58275
58285
58230
58225
58310
58380
58405
58370
58360
58250
58220
58205
58190
58180
58225
58205
58135
58025
57995
57950
58000
57980
57995
58060
58030
57920
57800
57785
57815
57855
57815
57725
57725
57575
57580
57815
57705
57845
57910
57945
57935
58060
58015
58020
58000
58075
58030
58010
58050
58035
58060
58040
57860
57840
57785
57775
57775
57660
57735
57770
57830
57825
57815
57810
57735
57755
57840
57840
57815
57870
57860
57855
57850
57890
57880