58220
58270
58260
58240
58275
58220
58245
58190
58230
58265
58265
58245
58200
58280
58285
58265
58290
58320
58280
58190
58150
58100
58255
58170
58185
58150
58115
58110
58060
58085
58000
58030
58060
58130
58110
58110
58200
58240
58210
58260
58190
58165
58180
58165
58220
58250
58240
58195
58160
58165
58105
58165
58205
58235
58190
58200
58170
58115
58125
58065
58050
58080
58080
58095
58070
58090
58105
58145
58125
58110
58070
58145
58100
58080
58095
58090
58045
58085
58105
58115
58105
58105
58165
58185
58175
58130
58185
58185
58160
58175
58155
58170
58140
58170
58105
58085
58145
58135
58085
58155
58155
58125
58130
58135
58110
58105
58105
58040