58480
58445
58390
58444
58430
58440
58410
58390
58390
58390
58430
58415
58465
58465
58400
58460
58455
58515
58495
58460
58410
58300
58355
58360
58355
58325
58410
58395
58390
58405
58355
58340
58470
58280
58245
58170
58200
58145
58220
58175
58125
58180
58120
58155
58150
58155
58130
58135
58080
58015
57915
57830
57790
57780
57825
57850
57940
57915
57995
58055
58070
58035
58065
58075
57955
57885
57930
58005
58045
58110
58135
57945
58140
58405
58270
58285
58150
58045
57995
58185
58245
58185
58285
58430
58410
58460
58555
58705
58680
58660
58835
58835
58900
59025
58925
58870
58880
58880
58885
58925
58920
58940
58955
58930
58940
58885
58950
58940