57990
58090
58130
58080
58080
58090
57965
57970
58025
58075
58070
58115
58070
57990
57910
57925
57880
57850
57775
57845
57855
57790
57660
57665
57535
57415
57355
57375
57325
57370
57430
57505
57575
57560
57585
57465
57480
57555
57670
57730
57740
57765
57745
57755
57860
57870
57840
57920
57880
57940
57865
57860
57845
57785
57775
57745
57710
57685
57660
57630
57660
57650
57690
57685
57670
57640
57525
57540
57415
57370
57380
57435
57415
57440
57395
57400
57405
57415
57505
57545
57570
57550
57555
57525
57700
57745
57695
57645
57655
57560
57545
57560
57600
57665
57450
57435
57515
57665
57655
57660
57700
57700
57640
57600
57610
57670
57690
57700