198
199.5
197.5
197.5
195.5
199.5
196.5
200
202.5
200.5
204
206.5
204.5
204
204
201.5
201
205
203
201.5
205.5
208
207
206.5
206.5
208.5
211.5
213.5
214
212
217
217
218
214
215
213
215
221.5
221
221
218.5
219
216.5
220
222
223.5
224.5
228.5
231
236.5
229
230
232
235.5
236
233.5
230.5
231
231
230
229.5
232.5
234.5
232.5
233
229.5
227
229
229.5
228
228.5
234
234.5
232
231
233
231.5
230
229
229
230.5
233
233
235.5
241
237.5
237.5
237
240
240
243
242.5
243
244
243
241.5
241.5
241
239.5
240
242
241.5
241.5
242
243
244.5
244.5
244.5