253.5
253
249.5
247
241
240
241.5
238
237.5
237
234
237
237
237
240.5
235.5
240
240.5
242.5
247
249
250
249
246
246
245.5
245
244
240.5
236.5
238.5
239.5
238
235.5
234
234.5
236
236.5
233.5
232
233
232.5
235.5
235
235
235
236.5
235
235.5
235
236.5
237
235.5
237.5
240
241
240
242
243.5
242
241
239
241.5
241
240.5
242.5
242.5
240
240
236.5
236.5
238.5
236.5
236
234
235
233
234
232
232
228
228.5
228
226.5
227
227
225
224
224.5
223
222.5
222.5
220
222
221
219
218
218.5
218
219.5
218.5
219
218.5
220
220.5
219.5
220
215.5