328
321.5
323.5
325.5
331
341.5
337
339.5
336.5
333
336.5
337
344
348
360
356.5
357.5
353.5
351
351
350.5
353.5
358.5
352
346
240.5
338.5
338
330
336.5
330.5
329.5
342
347.5
352
352
347.5
352
350
345
341
342.5
349.5
346
344
342.5
342
337
339
341
340.5
337.5
337.5
337.5
341
345
342
344
346
346.5
344.5
340
342.5
343.5
342
343.5
342
346.5
344.5
353.5
349.5
350.5
352.5
357
356
352
350
351.5
350
348.5
346.5
351
352
354.5
354
353
352.5
354
353
357
354.5
357
358.5
358.5
358
359
358.5
360
359.5
363.5
364
364.5
361
363
363.5
362
361
362