273.5
276
276
276
281
283
289
289.5
289.5
286.5
288.5
292.5
294
291
291
291.5
291
289
288
286
287.5
290
293.5
293
295
293.5
294
296.5
295.5
295.5
296.5
296
294
295.5
300
304
302
302.5
302.5
303.5
302
300.5
301
300.5
301
300.5
299
300.5
296
297
294.5
294.5
296.5
296
294.5
296
300
298.5
299
297
295
295
295.5
296.5
297.5
297
297
298
300
300
300
299.5
298
298.5
300
297.5
297.5
296
295
296
295.5
296.5
297
298
300.5
301
305
304
304.5
305.5
304
304.5
306.5
306
307
307
306.5
309
308
308
308
309
307
308
309.5
309.5
309
307