244.5
243.5
244
242.5
247
252.5
251
253
251.5
256.5
256
255
252
254
253.5
251
248.5
249
247.5
248
243
245
243.5
242.5
244
242
239
238.5
240
242
240
240
237
235.5
236
237
238.5
243
243
242.5
241.5
246.5
245
244
244.5
244
244
243.5
243.5
238.5
237.5
239
234.5
233
234
234.5
234.5
232.5
236
234.5
234
239
237
240.5
237.5
237.5
237
236.5
234.5
235.5
232.5
234.5
230.5
232.5
231.5
232
233.5
236.5
231.5
233.5
233
229.5
230.5
231.5
227.5
226.5
229.5
227.5
228.5
230
230
229.5
230.5
230.5
229.5
229.5
229.5
233
232
231.5
230
228.5
228
228.5
229
230
230
232