227
230
234,5
233,5
229
234
224
226,5
228
236
239
241
238,5
236
236
236,5
235,5
230
231,5
236,5
234
234,5
233,5
235
232
232,5
231,5
231,5
232
233
233,5
234
235,5
234
235
234
235,5
236,5
238
239
238,5
237,5
237,5
238
239
239
238,5
239
241
240,5
240,5
240,5
240
240
240,5
240,5
240
240
240,5
240,5
240
240
240,5
240
240,5
240,5
240,5
240,5
240
240
240
240
240,5
240,5
240
240
240
240,5
240
240,5
240,5
240,5
240,5
240
240,5
240,5
240,5
240,5
240,5
240
240,5
240
240,5
240
240
240
240,5
240,5
240
240,5
240,5
240,5
240
240,5
240,5
240,5
240
240