231.5
231.5
231.5
231.5
233.5
235
233.5
229.5
226
224
221
217.5
220.5
220.5
222.5
224
222
224
223
222.5
219.5
221.5
220.5
218.5
228.5
215
209
204.5
206.5
204.5
210
206.5
209.5
212
211.5
210.5
209.5
206
202
198.5
198.5
197
198
204
207.5
210
212.5
213
221
225.5
229.5
236
246.5
251.5
245
239
239
242
240
243
242.5
242
239.5
243
245.5
242.5
247
259.5
269.5
266
265
264
264
263
265.5
263
263.5
267.5
269.5
276
276
277
277
277.5
275
274
273
274
274.5
274
274
272
277
279.5
280
275.5
274
274
272.5
275
273
273
274.5
273
273.5
273.5
276.5
265