271
274
277.5
281
282
282.5
282.5
282.5
285.5
286.5
285
288
287.5
289
290.5
287
285
286.5
288
284
283.5
279
277.5
271.5
272
269.5
270.5
267.5
268
268.5
266.5
267.5
271
272.5
274
275
276
277.5
278.5
278
279.5
276.5
275.5
276
269.5
270
268.5
270.5
272
273
274.5
275
274
274.5
276.5
276.5
274
274.5
273
276.5
277
275
277.5
276
282.5
281.5
285.5
285.5
284.5
285
284.5
283.5
281.5
283
280
283
280
280.5
279
281
282.5
281
283
281.5
282
286
285.5
285.5
285
284.5
288
288
288
288
287.5
290.5
290
289.5
288
287.5
285
284
285.5
283
285
284.5
284.5
285