204
199
208.5
201.5
195.5
196
199
192.5
189
198.5
208.5
211
211.5
223
218
218
214
213.5
204.5
214
215.5
218.5
217.5
228.5
229.5
236
235.5
231.5
229
233
228.5
222.5
218.5
218
218
209.5
208
204
202
198
205.5
208.5
212
214
212
209.5
213.5
213.5
219
218.5
217.5
217
222
219.5
223.5
222.5
215.5
220.5
217
217
220.5
219
213
209.5
211
212.5
220.5
217
219.5
215.5
215
213
217.5
220
223.5
220.5
219
217
216
213
213
214
213
221.5
221
225
228.5
229.5
231.5
213.5
234.5
238
234.5
235
235
231.5
237.5
238.5
238.5
238
238
238.5
238.5
241
239
239.5
239.5
236