246
246.5
249.5
247
250
251
253
256.5
256
255.5
254
255.5
249.5
247
248.5
247
245.5
246
242.5
241
241.5
242
242
242.5
243.5
243
241
242.5
242
243.5
245
245
242.5
245
246.5
251
251
248
248.5
249
250
247.5
251
247.5
250
250
249.5
247.5
249.5
249.5
249
250.5
249
248.5
248
248
246.5
249.5
249.5
248
248
247.5
248.5
249.5
252
250.5
249
250
247.5
246.5
245
248
243
235.5
239
244
243
244.5
244.5
236
233
231.5
231.5
224
222
222
221
220
222.5
223
219.5
219.5
216.5
218.5
217.5
219.5
218
217
215
216.5
218.5
218
219
217.5
220
217
216.5
213.5