278.5
285.5
289.5
290.5
288.5
285.5
280.5
284
281
277
279
285.5
283
279.5
274
276.5
279
281.5
277.5
272
274
270.5
270.5
267.5
268.5
264
261.5
258.5
258.5
257.5
259.5
259
259
253
253.5
253
249.5
248.5
247
249.5
250.5
251
250.5
250
246.5
248.5
248
247
252.5
252.5
253.5
253.5
256
257.5
257
259
254
256.5
254.5
254
253
252
250.5
248.5
246.5
242.5
244
244
246
244.5
246.5
245
247
245.5
245
247
246.5
247.5
246.5
246
245.5
246
245
241
237
236.5
236.5
237
235.5
236.5
237.5
238.5
237
236.5
236.5
235.5
236
236.5
237.5
236.5
236
234.5
235
235
235.5
234.5
234
233