256.5
263.5
264
269.5
272
271
269.5
267.5
267
277
274
281
276.5
273
272
271.5
271.5
274
273.5
278
278
284
293
293
289
292.5
287
283.5
292.5
290
292.5
297
291
286
286.5
281.5
279
280.5
283.5
286
284.5
280.5
278.5
283
283
283.5
285.5
290
287
287
287.5
289.5
288
286
286.5
286
285
287.5
289
289
289.5
289.5
292.5
293.5
291.5
295
297.5
298
299
303.5
299.5
298.5
298
298
294
298.5
298
293
292
289
291.5
290
289
290
288
293
296.5
297
296.5
296.5
294.5
293.5
292.5
293
297
300.5
303
299.5
300.5
298.5
302
299.5
296.5
292
292.5
295
294.5
290