282.5
288.5
290.5
287.5
291.5
293.5
295.5
299
301.5
299.5
302
301.5
302.5
306
307
299.5
298
298
298.5
293
294
299
303.5
307
307
305.5
311
310.5
314
310
308
312.5
314
311.5
313
317
318
318
326
329.5
325.5
326
327
323.5
324.5
333
334.5
333.5
329
330.5
326.5
327
333.5
342.5
342
338.5
342
339.5
337.5
340.5
348.5
341.5
337.5
328.5
332.5
327.5
330
324
326.5
331.5
331.5
334
334
336
341.5
343
344
346
342.5
340
334
333.5
334.5
339
341.5
341.5
344.5
339
337
333
333.5
335.5
338.5
340
333
334.5
337.5
334
332.5
331.5
330.5
330.5
330.5
330
332
333.5
334
334